2024-07-05:50.51,99.50,54.90,18.45,52.46,03.75,39.05,29.84
2024-07-23:53.29,67.25,39.87,19.49,83.23,64.48
2023-11-13:34.36,08.60,95.57,57.87,21.71
2024-01-17:71.94,01.56,39.32
2024-06-13:25.48,44.82,99.96,18.76,19.32,99.86,81.23,65.05
2023-12-30:54.83,80.19,16.73,55.72,99.92,74.66,96.70,40.38
2024-08-18:38.61,12.48,91.71,19.82,93.22,91.56,71.16
2024-02-26:02.80,00.68,07.56,47.46,44.63,02.94,09.47,97.20,05.78,60.78
2023-12-27:53.92,58.26,03.43,98.83,34.37,66.98,92.29,79.08,70.52
2024-07-11:34.97,13.55,59.53
2024-03-31:19.45,86.30,85.68,30.52,87.16,39.89
2023-11-26:71.77,19.39,39.81,67.77,34.08
2023-10-02:73.21,00.57,65.83,65.43,00.83,54.31,15.43,17.91
2024-07-04:05.04,33.30,20.66,90.29,19.43,65.99,89.24,48.17,76.25,02.50
2024-07-21:08.53,99.97,30.04,99.44,81.38,42.39,33.23,96.89,46.30,93.41
2023-11-11:14.70,08.99,36.28,41.41,05.64,93.22,77.69,54.09,60.78
2024-07-27:18.89,27.49,31.59,90.79,98.55,37.66,96.98
2024-01-30:66.85,74.51,63.71
2023-11-15:53.92,15.44,29.05,53.57,52.93,73.58
2023-10-21:76.21,61.43,34.92,84.39,87.38,33.92,90.96,01.16
2024-05-24:10.90,39.20,43.75,18.70,04.14
2024-04-11:46.09,90.66,84.92,78.31,35.03
2023-12-30:02.58,58.25,36.41,97.35,07.56,76.23
2024-02-19:80.85,22.41,08.42,97.51,95.79,04.55,48.20,65.27,71.36,63.98
2023-11-11:12.52,01.40,09.92,11.00
2024-02-10:93.73,24.86,72.89,20.63
2023-11-09:65.10,49.27,89.74,91.63,02.71,37.26,45.27,09.94,49.24,76.39
2024-01-01:14.20,78.71,27.95,74.23,46.20,10.45
2024-02-29:17.61,71.81,66.83,18.66
2024-04-16:21.35,18.52,92.23,31.11
2024-06-26:47.57,33.09,48.86
2024-05-20:00.97,84.03,13.25,00.46
2024-06-17:11.34,58.84,53.53,92.69,40.50,37.77,14.41,83.33
2024-02-26:69.71,42.10,84.05,92.81,32.68,04.54,80.89
2024-01-02:04.59,50.15,27.69,23.54
2024-02-24:47.82,33.59,39.55,28.02,73.57,66.71,38.68
2024-01-18:64.40,22.36,12.87,05.69,57.02,07.99,65.27,82.84,61.09,32.84
2024-02-13:11.75,70.77,32.35
2024-08-07:24.30,09.14,17.84,17.27,24.63,30.62,88.83,35.42
2024-08-08:41.31,79.43,39.20,98.95,44.30,55.44,69.13,23.39,95.02
2023-11-25:06.64,65.49,50.25,54.08,73.67
2023-10-04:97.01,07.71,98.89,17.16,65.43,56.09,75.77
2023-09-06:18.84,88.95,69.48
2023-12-24:32.71,83.08,29.61,46.55,55.45
2024-06-15:95.05,67.53,76.70,91.86,68.30
2023-08-23:04.34,15.99,81.86,46.87,64.86,06.58,57.85,29.93
2023-12-02:79.59,25.24,62.73,23.27
2024-07-15:31.00,13.67,42.28,97.13,66.16,94.72,51.51,03.07,32.70
2024-03-06:74.85,41.10,97.48
2023-11-10:22.22,61.74,71.92,24.21,68.70,31.53,12.11,56.49,41.18,99.02
2024-05-24:34.22,73.47,66.67,23.95,40.94,30.25,37.66,11.46,80.08
2024-03-25:93.97,10.40,09.19,29.57,53.18,64.13,18.25,72.13,88.79,65.99
2024-04-16:69.03,58.63,97.96,87.41,59.16,26.64,02.75
2023-12-29:53.16,51.32,74.02,23.69,80.89
2024-05-20:26.12,72.27,47.26,58.72,24.79,72.99,09.58
2024-07-10:52.53,63.75,98.16,42.62,08.08,26.08
2023-10-27:57.45,36.27,75.39,39.26,09.95,43.04,71.49
2023-10-28:77.87,14.86,62.86,08.82,50.99,52.39,01.84,09.84
2023-10-15:05.93,72.31,53.76,34.65,88.89,34.10,59.80
2024-06-28:41.88,34.15,45.68,30.35,42.22,47.10,26.08,81.59,46.65
2024-02-28:70.95,95.79,84.66
2024-04-21:52.23,08.93,24.52,67.24,53.38,47.20
2024-01-16:81.77,04.03,17.13,50.63
2023-12-01:31.91,00.62,36.07,48.20,89.38,21.94,28.18,65.37,26.85,89.88
2024-03-15:19.19,38.87,58.40,16.79,60.29,55.05,21.24,83.28
2024-01-04:78.19,05.59,56.52,65.26
2024-04-23:54.72,43.68,64.29,17.48,50.41,41.96,93.30,48.44,52.08,11.10
2023-10-28:72.38,55.14,05.28
2024-06-17:34.66,26.57,63.90,06.04,73.71,45.84,99.52,86.58
2024-03-10:94.65,01.71,15.49,32.80,11.50,95.03,39.81
2024-07-23:56.16,54.76,56.91,47.61,10.02
2024-06-20:28.95,07.41,81.84,64.68,04.21,22.80,91.63
2023-08-24:06.50,70.08,79.92,68.46,94.52
2024-06-10:86.38,63.13,70.84,34.28,16.20,47.11,10.32,95.92
2024-01-04:51.01,03.17,64.61,75.63,38.92,87.57,47.24,10.27
2023-12-08:90.80,27.91,05.49,58.00
2023-12-23:14.83,96.27,12.87,25.44,36.32,36.51
2024-01-04:13.21,55.45,83.62,87.99
2024-02-23:70.75,12.87,87.30,75.01,07.97,99.86
2023-11-08:10.94,14.81,64.05,58.67,84.21,86.32,40.21
2024-04-12:64.74,62.23,23.56,77.85,98.48,46.95,25.66
2024-08-03:73.61,29.57,65.72,65.44,66.67,59.82,36.75,85.81
2024-06-03:21.70,66.21,55.36,05.57,70.58,96.02,75.96,12.84,63.07
2023-09-23:51.36,59.45,41.30,48.80,06.15,72.21,31.90,62.21
2023-11-02:09.00,50.35,08.57,18.55,46.69,10.14,86.40,19.08,90.68,51.14
2023-10-03:17.85,05.91,50.12,40.91,90.64,02.51,41.42,41.65
2024-01-27:74.96,20.40,71.51,34.64,40.65,08.35,55.94,42.81,46.98
2024-06-11:20.20,84.68,40.39,94.92,26.29,47.40,19.17,81.63,43.10,92.05
2023-09-12:32.95,66.90,11.95,22.15,52.06,02.59
2023-12-02:80.59,27.95,86.57,74.60,94.79
2024-04-14:27.37,29.67,35.33,76.76,47.49,09.39,01.16,87.92,70.75,69.98
2024-03-14:97.70,12.98,10.77,98.73,66.10,22.94,38.65,74.85
2024-04-16:02.06,97.78,56.42,93.10,95.14,70.10,47.51,04.41,19.25
2023-09-18:05.63,36.92,12.35,13.30
2023-12-26:33.74,17.51,81.75,85.72,95.67
2023-10-15:47.31,07.11,83.81,45.13,20.54
2023-11-05:35.96,55.11,06.58,69.90
2023-09-07:80.31,72.33,41.46,97.13,46.66,69.02,31.34,64.25,15.06,63.89
2024-07-25:55.73,45.50,87.06,57.44,05.98,07.02,66.44,28.10
2023-12-24:29.36,18.93,22.50,88.93,95.31,86.03,75.96,10.25,01.96