Hearts
Carlynn:9.34,8.24,9.56,2.96,6.03,5.69,7.33,2.71
Enrichetta:5.01,9.23,4.23,0.09,8.98,3.01
Sofia:8.94,9.65,7.79,3.96,3.43,4.07,2.52

Clubs
Verine:3.60,4.91,5.05,5.89,7.35,2.32,5.83
Leonhard:1.11,0.54,9.91,3.54,9.07
Felix:1.62,5.30,4.11,9.18,2.60,5.99,8.32,2.24
Micki:9.66,0.94,1.09,2.94,3.14,0.89,5.68,5.02

Diamonds
Nobe:6.15,0.45,2.18,1.72,9.18,4.22,0.71,8.53
Mickey:8.67,9.45,2.59,0.88,8.26,0.57,5.15,4.63,7.30
Rea:7.05,2.12,3.47,7.62,7.04,6.49,2.19,9.21
Archy:9.95,6.94,4.67,3.20,8.10,1.30,0.02,7.60,7.35
Buck:6.10,1.83,4.65,5.56,4.61

Spades
Keene:4.61,7.11,9.20,4.49,6.60,4.82,7.42
Muire:7.41,8.13,1.62,4.33,9.49,2.13
Yasmin:7.49,2.88,3.69,2.03,8.08,2.67
