Gryffindor
Darrel:1.77,6.92,6.05,4.59,9.87,2.52,1.51
Angelico:1.44,9.49,6.70,1.55,6.54,9.59,5.66,2.42
Ariadne:4.54,4.57,4.21,9.65,1.88,6.71,0.78,5.82,3.56
Talyah:9.54,7.45,1.52,7.17,5.59,6.97,4.83
Rich:7.16,7.93,2.33,5.97,8.18,3.82,3.34,4.17

Hufflepuff
Rafa:0.37,3.47,7.39,3.27,6.74,9.44,2.86
Rancell:2.21,7.29,4.79,7.35,4.33
Talia:1.30,6.82,4.17,6.06,3.61,5.23

Ravenclaw
La verne:4.73,7.85,5.93,3.08,6.21,1.27,6.61
Kennan:7.61,6.81,1.49,2.72,1.84,9.28
Carolin:7.92,5.11,8.26,4.99,5.24,0.83,5.46,5.21
Andrej:2.18,7.67,9.05,1.55,2.01,2.17
Nana:2.88,6.92,9.25,3.12,8.53,0.73,2.92,3.78,5.81

Slytherin
Lorens:4.36,0.56,4.66,3.01,2.77,2.23
Niko:4.09,7.59,6.39,1.37,6.49,9.61
Daile:3.92,5.21,5.73,7.05,3.03,1.02
Cornelle:1.37,1.63,2.29,9.90,3.71,5.90
